[
  [
    [
      0.0,
      -7.705980110946451e-13,
      -2.2567138694668312e-13,
      3.4565675167249555e-11,
      1.5433350304642912e-10,
      -1.4627993286033229e-15,
      1.0147628443372845e-15,
      2.9559873746683146e-05,
      -2.0202088064864084e-06,
      -1.95108132472524e-08,
      9.827671833722739e-10
    ],
    93942759075.48041
  ],
  [
    [
      0.0,
      -7.705980110946451e-13,
      -2.2567138694668312e-13,
      3.4565675167249555e-11,
      1.4833837047863788e-10,
      -1.4627993286033229e-15,
      1.0204963635874812e-15,
      2.9559873746683146e-05,
      -2.0202088064864084e-06,
      -1.95108132472524e-08,
      9.827671833722739e-10
    ],
    93942759076.5438
  ],
  [
    [
      0.0,
      -7.705980110946451e-13,
      -2.2567138694668312e-13,
      3.4565675167249555e-11,
      1.4833837047863788e-10,
      -1.4627993286033229e-15,
      1.0147628443372845e-15,
      2.9559873746683146e-05,
      -2.0202088064864084e-06,
      -1.95108132472524e-08,
      9.827671833722739e-10
    ],
    93942759076.5438
  ],
  [
    [
      0.0,
      -7.705980110946451e-13,
      -2.2567138694668312e-13,
      3.4565675167249555e-11,
      1.4833837047863788e-10,
      -1.4627993286033229e-15,
      1.0147628443372845e-15,
      2.9559873746683146e-05,
      -2.0202088064864084e-06,
      -1.95108132472524e-08,
      9.827671833722739e-10
    ],
    93942759076.5438
  ],
  [
    [
      0.0,
      -7.705980110946451e-13,
      -2.2567138694668312e-13,
      3.4565675167249555e-11,
      1.4833837047863788e-10,
      -1.4627993286033229e-15,
      1.0147628443372845e-15,
      2.9559873746683146e-05,
      -2.0202088064864084e-06,
      -1.95108132472524e-08,
      9.827671833722739e-10
    ],
    93942759076.5438
  ],
  [
    [
      0.0,
      -7.705980110946451e-13,
      -2.2567138694668312e-13,
      3.440893718758775e-11,
      1.4833837047863788e-10,
      -1.4627993286033229e-15,
      1.0147628443372845e-15,
      2.9559873746683146e-05,
      -2.0202088064864084e-06,
      -1.95108132472524e-08,
      9.827671833722739e-10
    ],
    93942759076.54437
  ],
  [
    [
      0.0,
      -7.705980110946451e-13,
      -2.2567138694668312e-13,
      3.4565675167249555e-11,
      1.4497689302813276e-10,
      -1.4627993286033229e-15,
      1.0147628443372845e-15,
      2.9559873746683146e-05,
      -2.0202088064864084e-06,
      -1.95108132472524e-08,
      9.827671833722739e-10
    ],
    93942759077.1399
  ],
  [
    [
      0.0,
      -7.705980110946451e-13,
      -2.2567138694668312e-13,
      3.4565675167249555e-11,
      1.4327005927980573e-10,
      -1.3954186722449336e-15,
      1.011317611588158e-15,
      2.9559873746683146e-05,
      -2.0202088064864084e-06,
      -1.95108132472524e-08,
      9.827671833722739e-10
    ],
    95414068944.86353
  ],
  [
    [
      0.0,
      -7.705980110946451e-13,
      -2.2567138694668312e-13,
      3.53396086514419e-11,
      1.4833837047863788e-10,
      -1.4627993286033229e-15,
      1.0147628443372845e-15,
      2.9559873746683146e-05,
      -1.947992260698903e-06,
      -1.95108132472524e-08,
      9.827671833722739e-10
    ],
    763312574358.5377
  ],
  [
    [
      0.0,
      -7.705980110946451e-13,
      -2.2567138694668312e-13,
      3.4565675167249555e-11,
      1.4833837047863788e-10,
      -1.3954186722449336e-15,
      1.0147628443372845e-15,
      2.9559873746683146e-05,
      -2.0202088064864084e-06,
      -1.95108132472524e-08,
      9.154919143640148e-10
    ],
    3091789822932.3896
  ]
]