[
  [
    [
      0.0,
      -1.994884117966055e-12,
      -1.5332321666129556e-13,
      1.0354780546533486e-10,
      7.720718695224752e-10,
      -1.566519666426746e-15,
      1.1521522025203893e-15,
      3.571200254855846e-05,
      -2.312910284297572e-06,
      -1.2430879490451294e-08,
      9.060500673095759e-10
    ],
    [
      1276725339672.7935,
      86250263195.01761
    ]
  ],
  [
    [
      0.0,
      -1.9666442939195535e-12,
      -1.4522116814846188e-13,
      1.0435116498228962e-10,
      7.655994397002759e-10,
      -1.566519666426746e-15,
      1.2427377416431243e-15,
      3.5724560415008526e-05,
      -2.312910284297572e-06,
      -1.2430879490451294e-08,
      9.060500673095759e-10
    ],
    [
      1276411816116.7798,
      86307289823.21489
    ]
  ],
  [
    [
      0.0,
      -1.9666442939195535e-12,
      -1.4522116814846188e-13,
      1.0435116498228962e-10,
      7.617108556013893e-10,
      -1.566519666426746e-15,
      1.1521522025203893e-15,
      3.5724560415008526e-05,
      -2.312910284297572e-06,
      -1.2430879490451294e-08,
      9.060500673095759e-10
    ],
    [
      1276411816125.5112,
      86307289823.6507
    ]
  ],
  [
    [
      0.0,
      -1.994884117966055e-12,
      -1.5332321666129556e-13,
      1.0354780546533486e-10,
      7.578812861533816e-10,
      -1.566519666426746e-15,
      1.1383085206459744e-15,
      3.5724560415008526e-05,
      -2.312910284297572e-06,
      -1.2430879490451294e-08,
      9.060500673095759e-10
    ],
    [
      1276411816134.091,
      86307289824.08331
    ]
  ],
  [
    [
      0.0,
      -2.017641546600439e-12,
      -1.3907071718272694e-13,
      1.0354780546533486e-10,
      7.655994397002759e-10,
      -1.566519666426746e-15,
      1.1521522025203893e-15,
      3.537721785681505e-05,
      -2.312910284297572e-06,
      -1.2430879490451294e-08,
      9.060500673095759e-10
    ],
    [
      1289239823465.5168,
      92852171573.7679
    ]
  ],
  [
    [
      0.0,
      -1.9666442939195535e-12,
      -1.4522116814846188e-13,
      1.0435116498228962e-10,
      7.655994397002759e-10,
      -1.566519666426746e-15,
      1.1521522025203893e-15,
      3.613760162069042e-05,
      -2.332118484214675e-06,
      -1.2430879490451294e-08,
      9.060500673095759e-10
    ],
    [
      1422145940072.9019,
      98114838002.48137
    ]
  ],
  [
    [
      0.0,
      -1.9666442939195535e-12,
      -1.4522116814846188e-13,
      1.0435116498228962e-10,
      7.655994397002759e-10,
      -1.6348078771364547e-15,
      1.1674611603727177e-15,
      3.5724560415008526e-05,
      -2.312910284297572e-06,
      -1.2938760260067901e-08,
      9.060500673095759e-10
    ],
    [
      1435897965256.106,
      191976799238.8725
    ]
  ],
  [
    [
      0.0,
      -1.9666442939195535e-12,
      -1.4522116814846188e-13,
      1.0435116498228962e-10,
      7.655994397002759e-10,
      -1.566519666426746e-15,
      1.2427377416431243e-15,
      3.5724560415008526e-05,
      -2.3730522345974783e-06,
      -1.2430879490451294e-08,
      9.060500673095759e-10
    ],
    [
      2029605689377.0151,
      639062303274.4476
    ]
  ],
  [
    [
      0.0,
      -1.9666442939195535e-12,
      -1.4522116814846188e-13,
      1.0435116498228962e-10,
      7.655994397002759e-10,
      -1.566519666426746e-15,
      1.1669168260089886e-15,
      3.5724560415008526e-05,
      -2.312910284297572e-06,
      -1.2430879490451294e-08,
      9.378863427454546e-10
    ],
    [
      1245727944301.4558,
      1005718622408.1354
    ]
  ],
  [
    [
      0.0,
      -1.9666442939195535e-12,
      -1.4522116814846188e-13,
      1.0385690422852264e-10,
      7.655994397002759e-10,
      -1.566519666426746e-15,
      1.0978003545395742e-15,
      3.5724560415008526e-05,
      -2.2199503859182128e-06,
      -1.2255557773618297e-08,
      9.060500673095759e-10
    ],
    [
      1395808143840.4487,
      1777314885423.1301
    ]
  ]
]